260601	21:21:22	114.5166382	38.04167142	71.76477025
260601	21:21:33	114.5166114	38.04222932	71.81608021
260601	21:21:44	114.518328	38.04226151	71.76676558
260601	21:21:55	114.5203879	38.04233124	72.16650152
260601	21:22:06	114.5219704	38.04236343	71.44702862
260601	21:22:17	114.5242128	38.04246535	71.42035336
260601	21:22:28	114.5264336	38.04255118	70.7618998
260601	21:22:39	114.5269057	38.04257264	70.52084821
260601	21:22:50	114.526616	38.05026522	71.8528412
260601	21:23:01	114.5264658	38.05756083	72.37742368
260601	21:23:12	114.5262512	38.06163778	75.60002775
260601	21:23:23	114.5260581	38.06607952	74.50120618
260601	21:23:34	114.525865	38.06809654	75.32138562
260601	21:23:45	114.5258006	38.06968441	74.00277693
260601	21:23:56	114.5258006	38.0704998	74.75289798
260601	21:24:07	114.5252803	38.07120791	74.68868238
260601	21:24:18	114.5253446	38.07383111	74.43643951
260601	21:24:29	114.5253768	38.07703903	73.08192655
260601	21:24:40	114.5328226	38.0759876	71.84804481
260601	21:24:51	114.540483	38.07495763	70.5282375
260601	21:25:02	114.5468345	38.0743139	69.91288913
260601	21:25:13	114.5519629	38.07330539	70.21820723
260601	21:25:24	114.5562115	38.0717819	70.66211772
260601	21:25:35	114.5644727	38.06907823	70.9584549
260601	21:25:46	114.57091	38.06714704	66.62457144
260601	21:25:57	114.572455	38.0667608	67.46569381
260601	21:26:08	114.57297	38.06976488	71.70483993
260601	21:26:19	114.5735922	38.07214668	71.63134793
260601	21:26:30	114.5760599	38.07504346	71.44352258
260601	21:26:41	114.5791712	38.07733943	70.82866044
260601	21:26:52	114.5847931	38.08154514	70.03875732
260601	21:27:03	114.5907798	38.08564355	69.44078085
260601	21:27:14	114.5983115	38.09113672	69.27901219
260801	21:27:25	114.5167213	38.04228028	71.80323712
260801	21:27:36	114.5838409	38.04352483	67.41252398
260801	21:27:47	114.5857721	38.04356774	66.93973775
260801	21:27:58	114.5855146	38.06017598	70.734829
260801	21:28:09	114.5817381	38.07957372	71.69777263
260801	21:28:20	114.584828	38.13047131	70.00719677
260801	21:28:31	114.5895487	38.16368779	69.76221147
260801	21:28:42	114.6333223	38.20917805	72.81536152
260801	21:28:53	114.6444803	38.22050771	71.45745428
260801	21:29:04	114.6597582	38.27681264	73.04061574
260801	21:29:15	114.6831041	38.30651006	72.00324319
260801	21:29:26	114.7243029	38.34118565	70.28006545
260801	21:29:37	114.7969156	38.38341435	65.19673884
260801	21:29:48	114.8527056	38.4263297	62.25322844
260801	21:29:59	114.8679834	38.43868932	60.40921841
260801	21:30:10	114.9553591	38.44967564	52.46481447
260801	21:30:21	114.9848848	38.4618636	51.9888458
260801	21:30:32	115.0077158	38.48211964	50.65602151
260801	21:30:43	115.0274569	38.50598058	52.28998617
260801	21:30:54	115.0494295	38.53893956	49.17837353
260801	21:31:05	115.0811869	38.57378682	48.87206262
260801	21:31:16	115.0998121	38.58262738	46.53185757
260801	21:31:27	115.1342302	38.58880719	42.43310554
260801	21:31:38	115.1560312	38.59970769	41.05519657
260801	21:31:49	115.1744848	38.6156722	38.40640958
260801	21:32:00	115.1894623	38.63318166	37.76064679
260801	21:32:11	115.200234	38.64824494	38.83905196
260801	21:32:22	115.2191168	38.66347989	36.45515593
260801	21:32:33	115.2358538	38.67480954	34.94101815
260801	21:32:44	115.2506166	38.68051728	30.98262627
260801	21:32:55	115.2666241	38.68579587	31.05484705
260801	21:33:06	115.3110844	38.71506413	25.94073835
260801	21:33:17	115.3384644	38.73102864	25.78031608
260801	21:33:28	115.3703934	38.73300275	23.15940504
260801	21:33:39	115.4002625	38.73832425	20.12990367
260801	21:33:50	115.4688412	38.74004086	17.07295321
260801	21:34:01	115.4942471	38.75171384	14.72609583
260801	21:34:12	115.5194813	38.77814969	15.59152025
260801	21:34:23	115.539394	38.7865611	12.19059452
260801	21:34:34	115.5467754	38.80304059	12.95075723
260801	21:34:45	115.6418758	38.96594723	12.97559725
260801	21:34:56	115.6933743	39.02568539	12.87756984
260801	21:35:07	115.7589489	39.1389819	19.38423827
260801	21:35:18	115.8454662	39.23167905	21.24556532
260801	21:35:29	115.9203106	39.29828366	23.49559563
260801	21:35:40	115.9807354	39.39304074	31.40199951
260801	21:35:51	116.0305172	39.46239194	30.58336502
260801	21:36:02	116.0391003	39.50462064	27.5765019
260801	21:36:13	116.0329205	39.54976758	31.24775332
260801	21:36:24	116.0341221	39.57534512	30.22913232
260801	21:36:35	116.0542065	39.59560117	27.49947444
260801	21:36:46	116.0712009	39.61585721	29.69342305
260801	21:36:57	116.07472	39.6270152	31.00521219
260801	21:37:08	116.0699993	39.64606961	36.86056294
260801	21:37:19	116.0753208	39.66529568	37.99503904
260801	21:37:30	116.0997826	39.70263203	49.64102366
260801	21:37:41	116.1102539	39.73456105	46.95228789
260801	21:37:52	116.1360889	39.75310048	50.00269778
260801	21:38:03	116.1700779	39.78125294	48.31707972
260801	21:38:14	116.1904198	39.78691777	47.70320974
260801	21:38:25	116.2001186	39.81283864	52.12185783
260801	21:38:36	116.2081009	39.82416829	57.76171392
260801	21:38:47	116.2067276	39.84905919	58.84568299
260801	21:38:58	116.2220055	39.85558232	56.26883167
260801	21:39:09	116.2571102	39.84699925	52.20102215
260801	21:39:20	116.2773663	39.84459599	44.09666861
260801	21:39:31	116.2987381	39.85274991	46.45488114
260801	21:39:42	116.3283926	39.85330781	43.80843614
260801	21:39:53	116.3355165	39.8563548	43.16585118
260801	21:40:04	116.3375765	39.86283501	43.71280289
260801	21:40:15	116.3381773	39.86665448	39.90650678
260801	21:40:26	116.3434988	39.86845692	42.38291551
260801	21:40:37	116.3662869	39.86880025	40.0096032
260801	21:40:48	116.3683468	39.8692294	39.21086254
260801	21:40:59	116.3933235	39.87081727	42.56094952
260801	21:41:10	116.391564	39.90326127	44.73450406
